"","Point.Forecast","Lo.80","Hi.80","Lo.95","Hi.95"
"Jan 2011",0.854625787038683,0.63965277988069,1.06959879419668,0.52585294402094,1.18339863005643
"Feb 2011",0.659459114061669,0.43288124726795,0.886036980855389,0.312938169802288,1.00598005832105
"Mar 2011",0.585401549101309,0.339902570294107,0.83090052790851,0.209943261163436,0.960859837039182
"Apr 2011",0.485158784470245,0.237795814965777,0.732521753974713,0.106849768764264,0.863467800176226
"May 2011",0.379625831785691,0.128047228056421,0.631204435514961,-0.00513044010158525,0.764382103672967
"Jun 2011",0.303702191807669,0.0515729325268194,0.555831451088519,-0.0818962350720401,0.689300618687379
"Jul 2011",0.341746424002758,0.0882850205932385,0.595207827412277,-0.0458893415097509,0.729382189515266
"Aug 2011",0.413509692070508,0.159741757530731,0.667277626610284,0.0254051276492401,0.801614256491775
"Sep 2011",0.453068745525131,0.198685632765582,0.70745185828468,0.0640233472059204,0.842114143844342
"Oct 2011",0.533801223677284,0.279163862426159,0.78843858492841,0.144366985845087,0.923235461509482
"Nov 2011",0.769965058029552,0.514932757705083,1.02499735835402,0.379926813007435,1.16000330305167
"Dec 2011",0.739186769542281,0.48390834236354,0.994465196721022,0.348772105979568,1.12960143310499
"Jan 2012",0.79972926350385,0.479395485676176,1.12006304133152,0.309821026914796,1.2896375000929
"Feb 2012",0.635548450634267,0.307336508255162,0.963760393013372,0.133591601098045,1.13750530017049
"Mar 2012",0.573088662854659,0.232352841806373,0.913824483902946,0.0519781937542378,1.09419913195508
"Apr 2012",0.488777425373359,0.146055430942753,0.831499419803966,-0.0353706337866903,1.01292548453341
"May 2012",0.399937583556429,0.0535414556201475,0.74633371149271,-0.129829577900495,0.929704745013352
"Jun 2012",0.336085074370817,-0.0112423253284543,0.683412474070089,-0.195106344341416,0.86727649308305
"Jul 2012",0.368052444582271,0.019119192854445,0.716985696310097,-0.165594912872567,0.90169980203711
"Aug 2012",0.428421018861708,0.0787990088357279,0.778043028887689,-0.106279703510102,0.963121741233519
"Sep 2012",0.461680422230205,0.111061665861182,0.812299178599228,-0.074544692125986,0.997905536586396
"Oct 2012",0.529590740411334,0.178341433221697,0.88084004760097,-0.00759871820696179,1.06678019902963
"Nov 2012",0.728227400970472,0.376196019322484,1.08025878261846,0.189841862683743,1.2666129392572
"Dec 2012",0.702341400236954,0.349689738221913,1.05499306225199,0.16300722499138,1.24167557548253
"Jan 2013",0.753262094696336,0.359897184991306,1.14662700440137,0.151662380309443,1.35486180908323
"Feb 2013",0.615166749975875,0.215336305273345,1.01499719467841,0.00367885311034744,1.2266546468414
"Mar 2013",0.562628756731607,0.153122859557524,0.972134653905689,-0.0636564677547677,1.18891398121798
"Apr 2013",0.49171312863231,0.0800096786949951,0.903416578569625,-0.137932962779642,1.12135922004426
"May 2013",0.416986975251092,0.00178038203153796,0.832193568470646,-0.218016711477717,1.0519906619799
"Jun 2013",0.363279369357531,-0.0532263544692152,0.779785093184277,-0.273711166179994,1.00026990489506
"Jul 2013",0.390167601969903,-0.0282183765865815,0.808553580526388,-0.249698535026922,1.03003373896673
"Aug 2013",0.440945333782574,0.0214892870597134,0.860401380505435,-0.200557331250646,1.08244799881579
"Sep 2013",0.468920502286279,0.0481115961614749,0.889729408411082,-0.174651182656279,1.11249218722884
"Oct 2013",0.526041694808228,0.104221750801287,0.94786163881517,-0.119076239141605,1.17115962875806
"Nov 2013",0.693119966836316,0.27014624994846,1.11609368372417,0.0462374895362739,1.34000244413636
"Dec 2013",0.671346641094303,0.247374560496318,1.09531872169229,0.0229372982603778,1.31975598392823
"Jan 2014",0.714177294842684,0.261690913934767,1.1666636757506,0.0221590929082851,1.40619549677708
"Feb 2014",0.598021810027541,0.139885088600691,1.05615853145439,-0.10263784201721,1.29868146207229
"Mar 2014",0.553830748007507,0.0877053188496272,1.01995617716539,-0.159046578188483,1.2667080742035
"Apr 2014",0.494181820514837,0.0256701376940588,0.962693503335615,-0.222344965728647,1.21070860675832
"May 2014",0.431327741848173,-0.0406102870335692,0.903265770729915,-0.290439188497672,1.15309467219402
"Jun 2014",0.386152913702387,-0.087405532430073,0.859711359834846,-0.338092230971092,1.11039805837587
"Jul 2014",0.40876928596455,-0.0669054083423121,0.884443980271413,-0.318712380996204,1.1362509529253
"Aug 2014",0.451479731573304,-0.0256069897027217,0.928566452849329,-0.27816144428211,1.18112090742872
"Sep 2014",0.475010355572643,-0.00373799103145717,0.953758702176744,-0.257172056926216,1.2071927680715
"Oct 2014",0.523056445907714,0.0429531781179633,1.00315971369747,-0.211198139726555,1.25731103154198
"Nov 2014",0.663590231729477,0.182004857999432,1.14517560545952,-0.0729310393370057,1.40011150279596
"Dec 2014",0.645276134045181,0.162350652649455,1.12820161544091,-0.0932946548329592,1.38384692292332
"Jan 2015",0.681302086456101,0.177230557592491,1.18537361531971,-0.0896087912383748,1.45221296415058
"Feb 2015",0.583600752272773,0.0744371273186,1.09276437722695,-0.195097814354125,1.36229931889967
"Mar 2015",0.546430525031439,0.0304215184278513,1.06243953163503,-0.242737149397285,1.33559819946016
"Apr 2015",0.496258294175049,-0.0222862354543313,1.01480282380443,-0.296787128091635,1.28930371644173
"May 2015",0.443390128774294,-0.0785274004501105,0.965307657998698,-0.354813851215587,1.24159410876417
"Jun 2015",0.405392431166186,-0.118411687770879,0.92919655010325,-0.395696838803304,1.20648170113567
"Jul 2015",0.424415637420812,-0.101693350571871,0.950524625413495,-0.38019862558021,1.22902990042183
"Aug 2015",0.460340480293378,-0.0674698477897921,0.988150808376548,-0.346875757838774,1.26755671842553
"Sep 2015",0.480132686985849,-0.0495937057277066,1.00985907969941,-0.33001391912257,1.29027929309427
"Oct 2015",0.520545476412475,-0.0108284025970392,1.05191935542199,-0.292120742555791,1.33321169538074
"Nov 2015",0.638752020382861,0.105621027893651,1.17188301287207,-0.176601471754542,1.45410551252026
"Dec 2015",0.623347566718873,0.0885856178771222,1.15810951556062,-0.194500257911486,1.44119539134923
