"","Point.Forecast","Lo.80","Hi.80","Lo.95","Hi.95"
"Jan 2011",29.5592433620423,24.3202159097316,34.798270814353,21.5468423033443,37.5716444207402
"Feb 2011",26.4610763051145,21.0541430508803,31.8680095593487,18.19188548203,34.730267128199
"Mar 2011",25.0143281792578,19.3634629478992,30.6651934106164,16.3720755905015,33.6565807680141
"Apr 2011",21.8161083055485,16.099263214177,27.5329533969199,13.0729482287075,30.5592683823895
"May 2011",18.0623312868091,12.2941274962811,23.8305350773372,9.24062485776032,26.884037715858
"Jun 2011",16.8690662197556,11.0717694487125,22.6663629907988,8.00286591660479,25.7352665229065
"Jul 2011",17.2532036727499,11.4326968683365,23.0737104771632,8.35150668674323,26.1549006587565
"Aug 2011",18.0243524084636,12.1852248994709,23.8634799174563,9.09417751230223,26.954527304625
"Sep 2011",20.1628234215006,14.3070211048792,26.0186257381219,11.2071466077574,29.1185002352437
"Oct 2011",25.4966117956106,19.6254090834991,31.3678145077222,16.5173821094587,34.4758414817625
"Nov 2011",29.4549963643528,23.569059198058,35.3409335306476,20.4532322751324,38.4567604535732
"Dec 2011",28.4914975598196,22.5912433172268,34.3917518024124,19.4678373919221,37.5151577277171
"Jan 2012",28.8509057628145,22.3895896474102,35.3122218782187,18.9691755075524,38.7326360180765
"Feb 2012",24.9732086136049,18.4388985797584,31.5075186474515,14.9798437935827,34.9665734336272
"Mar 2012",24.2469731221272,17.6202784519166,30.8736677923379,14.1123181934064,34.381628050848
"Apr 2012",21.3908161479567,14.7192769183333,28.0623553775801,11.1875773840515,31.5940549118618
"May 2012",18.5370234572887,11.8256386083278,25.2484083062497,8.27284607730059,28.8012008372768
"Jun 2012",16.8414863603545,10.0986812153038,23.5842915054051,6.52925578424444,27.1537169364645
"Jul 2012",17.9925201609027,11.220881381681,24.7641589401243,7.63619234669638,28.348847975109
"Aug 2012",18.9402161085468,12.1419143500529,25.7385178670406,8.54311078643593,29.3373214306576
"Sep 2012",20.5539235466557,13.7299704936557,27.3778765996557,10.1175879549712,30.9902591383402
"Oct 2012",23.935267524871,17.0863673287971,30.7841677209449,13.4607785702969,34.4097564794451
"Nov 2012",28.7331126329183,21.8596720598237,35.6065532060128,18.2210924104493,39.2451328553873
"Dec 2012",28.4511174621351,21.5534182021758,35.3488167220944,17.9019967796882,39.000238144582
"Jan 2013",27.6285837857783,19.9393850799234,35.3177824916332,15.8689691603275,39.388198411229
"Feb 2013",24.872031333643,17.0743980036626,32.6696646636234,12.9465802614374,36.7974824058487
"Mar 2013",24.0455655111983,16.1124483125081,31.9786827098885,11.9129097425164,36.1782212798802
"Apr 2013",21.6871949032538,13.6859922436042,29.6883975629034,9.4504114077296,33.9239783987779
"May 2013",19.1309436534516,11.0688927789279,27.1929945279753,6.80110084382475,31.4607864630784
"Jun 2013",17.9834189621567,9.87268269231647,26.0941552319969,5.5791182657316,30.3877196585818
"Jul 2013",18.6099507084472,10.4543198607532,26.7655815561412,6.13698968023342,31.082911736661
"Aug 2013",19.2886422400239,11.0913083624518,27.485976117596,6.75190193144029,31.8253825486075
"Sep 2013",20.7397783906215,12.5022582977506,28.9772984834925,8.14157856938284,33.3379782118602
"Oct 2013",24.0857904498602,15.8091545664658,32.3624263332545,11.4277681893894,36.7438127103309
"Nov 2013",27.5412144496784,19.2261017257414,35.8563271736153,14.8243469396445,40.2580819597122
"Dec 2013",27.0764839908927,18.7233511858452,35.4296167959402,14.3014697845655,39.8514981972199
"Jan 2014",26.8556983958579,18.0489955547968,35.662401236919,13.3870086801294,40.3243881115864
"Feb 2014",24.2963973374957,15.3938698810293,33.1989247939621,10.6811565191224,37.9116381558691
"Mar 2014",23.685288607312,14.6704701849221,32.7001070297019,9.89831357635095,37.472263638273
"Apr 2014",21.6608579716927,12.5764321184918,30.7452838248936,7.767427561866,35.5542883815194
"May 2014",19.553204698063,10.4042264598095,28.7021829363164,5.56104993470982,33.5453594614161
"Jun 2014",18.4586920580276,9.25378140047533,27.6636027155799,4.38099604113371,32.5363880749215
"Jul 2014",19.1369340725619,9.87894017432857,28.3949279707952,4.97805424479785,33.2958139003259
"Aug 2014",19.7645425471577,10.4559096049279,29.0731754893875,5.52821698477551,34.0008681095399
"Sep 2014",20.9587492373313,11.6007098214547,30.3167886532079,6.64686299401024,35.2706354806524
"Oct 2014",23.5907897110031,14.1842490303761,32.9973303916301,9.20472718428371,37.9768522377225
"Nov 2014",26.7764106832902,17.3219541879095,36.2308671786708,12.3170672416767,41.2357541249037
"Dec 2014",26.4780190249316,16.9760954737829,35.9799425760803,11.9460809860667,41.0099570637964
"Jan 2015",26.0897577875481,16.1824208805686,35.9970946945275,10.9377935260614,41.2417220490348
"Feb 2015",24.0156201129638,14.0069218609335,34.0243183649941,8.70863705155877,39.3226031743689
"Mar 2015",23.4601235081678,13.3353529237262,33.5848940926095,7.97562313318421,38.9446238831514
"Apr 2015",21.7557702459963,11.5537371471153,31.9578033448772,6.15310705203022,37.3584334399623
"May 2015",19.9452202435432,9.67070136847784,30.2197391186085,4.23169962133751,35.6587408657489
"Jun 2015",19.0694140962523,8.73056202325893,29.4082661692457,3.25750433829955,34.8813238542051
"Jul 2015",19.5818571374463,9.18143864085469,29.9822756340379,3.67578965993413,35.4879246149585
"Aug 2015",20.0914614866931,9.63186720055256,30.5510557728335,4.09489244889194,36.0880305244942
"Sep 2015",21.1183130741448,10.600786075626,31.6358400726636,5.03314359852995,37.2034825497597
"Oct 2015",23.4343761541418,12.8598477707597,34.0089045375238,7.26203058323384,39.6067217250498
"Nov 2015",26.0247950361626,15.3938911950741,36.6556988772511,9.7662306429401,42.2833594293851
"Dec 2015",25.7316540406372,15.0448692776561,36.4184388036183,9.3876271523603,42.0756809289141
