"","Point.Forecast","Lo.80","Hi.80","Lo.95","Hi.95"
"Jan 2011",0.0113707224719939,0.00800474518596052,0.0147366997580273,0.00622290444361686,0.016518540500371
"Feb 2011",0.0153616779065495,0.0118606839293807,0.0188626718837183,0.0100073696681396,0.0207159861449594
"Mar 2011",0.0246342339424113,0.0209850332811379,0.0282834346036846,0.0190532631404942,0.0302152047443283
"Apr 2011",0.0313086794751117,0.0276239901617013,0.0349933687885222,0.0256734334634266,0.0369439254867969
"May 2011",0.0349667306555634,0.031262853054379,0.0386706082567479,0.029302138690135,0.0406313226209919
"Jun 2011",0.029585849725447,0.0258753257805509,0.0332963736703431,0.0239110930544742,0.0352606063964198
"Jul 2011",0.0274381365501851,0.0237246683613341,0.0311516047390361,0.021758877046655,0.0331173960537152
"Aug 2011",0.0282708029193362,0.0245561948231872,0.0319854110154851,0.022589800078035,0.0339518057606373
"Sep 2011",0.0258177559961873,0.0221026723597208,0.0295328396326539,0.0201360258787306,0.0314994861136441
"Oct 2011",0.0196245349768127,0.0159092609147053,0.0233398090389201,0.0139425136284701,0.0253065563251553
"Nov 2011",0.0138399847130373,0.0101246326490493,0.0175553367770252,0.00815784407111273,0.0195221253549618
"Dec 2011",0.0105275565484437,0.00681217292875782,0.0142429401681295,0.00484536764624385,0.0162097454506435
"Jan 2012",0.0111871384024228,0.00713031333129667,0.0152439634735489,0.0049827598625648,0.0173915169422808
"Feb 2012",0.0152274778041525,0.011143582129412,0.0193113734788929,0.00898169834875555,0.0214732572595494
"Mar 2012",0.0247809301706747,0.0206666385864604,0.028895221754889,0.0184886641832897,0.0310731961580596
"Apr 2012",0.0314173449423003,0.0272955884261411,0.0355391014584595,0.0251136623267028,0.0377210275578978
"May 2012",0.034752382296358,0.0306265764461659,0.03887818814655,0.0284425067587749,0.041062257833941
"Jun 2012",0.0296261008913821,0.0254988864633122,0.0337533153194519,0.0233140711198344,0.0359381306629297
"Jul 2012",0.02766263890126,0.0235348003483473,0.0317904774541726,0.0213496546131353,0.0339756231893847
"Aug 2012",0.0284675036945339,0.0243394232881792,0.0325955841008885,0.0221541495234886,0.0347808578655791
"Sep 2012",0.0260259363553595,0.0218977550609715,0.0301541176497475,0.0197124278893821,0.0323394448213369
"Oct 2012",0.0201507245614941,0.016022502859067,0.0242789462639212,0.0138371542967538,0.0264642948262344
"Nov 2012",0.0137990705126628,0.00967083225910221,0.0179273087662233,0.00748547493514823,0.0201126660901773
"Dec 2012",0.0103033850401742,0.00617514009049015,0.0144316299898582,0.00398977922182253,0.0166169908585258
"Jan 2013",0.0107914195900725,0.0062749888287354,0.0153078503514096,0.0038841348042841,0.0176987043758609
"Feb 2013",0.0150226691292872,0.0104757463601664,0.0195695918984081,0.0080687508418285,0.021976587416746
"Mar 2013",0.0250041225995112,0.0204227568547129,0.0295854883443094,0.0179975283264244,0.0320107168725979
"Apr 2013",0.0314799070586904,0.0268901049112264,0.0360697092061544,0.0244604104211351,0.0384994036962456
"May 2013",0.0347019058165994,0.0301075202346034,0.0392962913985953,0.0276753994208341,0.0417284122123647
"Jun 2013",0.0287948138319426,0.0241988351954096,0.0333907924684756,0.021765871069509,0.0358237565943762
"Jul 2013",0.0274910138827603,0.0228943290573266,0.0320876987081939,0.0204609910976036,0.0345210366679169
"Aug 2013",0.0287005993476438,0.0241036409372901,0.0332975577579975,0.0216701581504588,0.0357310405448288
"Sep 2013",0.026021081055173,0.0214240085042933,0.0306181536060526,0.0189904652951174,0.0330516968152285
"Oct 2013",0.02025725119492,0.015660132931574,0.0248543694582661,0.01322656552368,0.02728793686616
"Nov 2013",0.0140144496967062,0.00941731270874329,0.0186115866846692,0.00698373538863594,0.0210451640047765
"Dec 2013",0.0103445018934366,0.00574735733019651,0.0149416464566766,0.00331377599997969,0.0173752277868934
"Jan 2014",0.0110348716491609,0.00598613985790857,0.0160836034404132,0.00331350268945627,0.0187562406088655
"Feb 2014",0.0151568026344487,0.010072671363894,0.0202409339050033,0.007381294843058,0.0229323104258393
"Mar 2014",0.024857855762321,0.0197337463010377,0.0299819652236043,0.0170212066044009,0.032694504920241
"Apr 2014",0.0314248893581357,0.0262909897271988,0.0365587889890726,0.0235732674278049,0.0392765112884665
"May 2014",0.0347725850703477,0.0296333667012228,0.0399118034394725,0.026912828831908,0.0426323413087874
"Jun 2014",0.0292178422518291,0.02407677532372,0.0343589091799383,0.0213552588863896,0.0370804256172687
"Jul 2014",0.0275334830304301,0.0223915966536129,0.0326753694072472,0.0196696464263399,0.0353973196345203
"Aug 2014",0.0285388155717383,0.0233966117341375,0.0336810194093391,0.0206744934532769,0.0364031376901997
"Sep 2014",0.0259803953673725,0.020838059084091,0.031122731650654,0.0181158706907222,0.0338449200440228
"Oct 2014",0.0200927668907238,0.0149503775639722,0.0252351562174753,0.0122281610910866,0.0279573726903609
"Nov 2014",0.0139111736291215,0.00876876257484251,0.0190535846834005,0.00604653460009861,0.0217758126581444
"Dec 2014",0.0103696890410651,0.00522726919664736,0.0155121088854828,0.00250503656868509,0.0182343415134451
"Jan 2015",0.0109906629632595,0.00550410309569288,0.0164772228308261,0.0025996937439416,0.0193816321825774
"Feb 2015",0.0151297018813867,0.00961571884446634,0.0206436849183071,0.00669679254376194,0.0235626112190115
"Mar 2015",0.0248874375773051,0.0193424532515903,0.03043242190302,0.0164071158599173,0.0333677592946929
"Apr 2015",0.0314404558483149,0.0258878656372499,0.0369930460593799,0.0229485019330838,0.039932409763546
"May 2015",0.0347463830632651,0.0291896602538716,0.0403031058726585,0.0262481088842973,0.0432446572422328
"Jun 2015",0.0291708423274296,0.0236126827141118,0.0347290019407474,0.0206703707464842,0.0376713139083749
"Jul 2015",0.027547063053194,0.021988266525696,0.0331058595806919,0.0190456173960678,0.0360485087103201
"Aug 2015",0.0285743943419484,0.0230153510500143,0.0341334376338825,0.0200725712911844,0.0370762173927125
"Sep 2015",0.0260025161593892,0.0204433699178784,0.0315616624009001,0.0175005356608345,0.0345044966579439
"Oct 2015",0.0201560148901992,0.0145968274173955,0.0257152023630029,0.0116539713338237,0.0286580584465748
"Nov 2015",0.0139200676697466,0.00836086330798437,0.0194792720315088,0.00541799828393791,0.0224221370555553
"Dec 2015",0.0103480853111027,0.00478887411666962,0.0159072965055357,0.00184600547562571,0.0188501651465797
