"","Point.Forecast","Lo.80","Hi.80","Lo.95","Hi.95"
"Jan 2011",0.919236603031464,0.106991642771808,1.73148156329112,-0.322984866267415,2.16145807233034
"Feb 2011",1.07694217144184,0.0658662651996527,2.08801807768402,-0.469364988683052,2.62324933156673
"Mar 2011",1.16012586525348,0.0517353130052363,2.26851641750173,-0.535011202670779,2.85526293317774
"Apr 2011",1.22572645927403,0.0633938299076919,2.38805908864038,-0.551907896504442,3.00336081505251
"May 2011",1.18634283133213,-0.00845647951188311,2.38114214217614,-0.640945028920608,3.01363069158486
"Jun 2011",1.13865971316347,-0.0771399760589329,2.35445940238586,-0.720745454258149,2.99806488058508
"Jul 2011",1.15134886753882,-0.078997783618564,2.38169551869621,-0.730303958302168,3.03300169337981
"Aug 2011",1.22181181367879,-0.0192901012223874,2.46291372857997,-0.676289768613996,3.11991339597158
"Sep 2011",1.19698881782334,-0.0525561147109961,2.44653375035767,-0.714025245657663,3.10800288130434
"Oct 2011",1.16845645858512,-0.0880750693142391,2.42498798648447,-0.753242680438808,3.09015559760904
"Nov 2011",1.23163575580722,-0.0309392095557703,2.4942107211702,-0.699306023224334,3.16257753483877
"Dec 2011",1.21865327219353,-0.0493398883539493,2.48664643274101,-0.720574921297123,3.15788146568419
"Jan 2012",1.25017270962178,-0.0458258452350857,2.54617126447865,-0.731886038405252,3.23223145764881
"Feb 2012",1.27236479264036,-0.0429634563233514,2.58769304160407,-0.739256171453642,3.28398575673436
"Mar 2012",1.28798970821268,-0.0415951824202256,2.61757459884559,-0.745434907769681,3.32141432419505
"Apr 2012",1.29899083804974,-0.0417658104999385,2.63974748659943,-0.751519507254461,3.34950118335395
"May 2012",1.30673647079455,-0.0432519552486013,2.65672489683771,-0.757892659806289,3.3713656013954
"Jun 2012",1.31218998579766,-0.045774777576461,2.67015474917177,-0.764637900060127,3.38901787165544
"Jul 2012",1.31602967544844,-0.0490790683392028,2.68113841923609,-0.771723985612795,3.40378333650968
"Aug 2012",1.31873310921657,-0.0529563126261881,2.69042253105933,-0.779084830433717,3.41655104886685
"Sep 2012",1.32063653235837,-0.0572454767864388,2.69851854150318,-0.7866521522931,3.42792521700984
"Oct 2012",1.32197668712726,-0.0618261209265327,2.70577949518106,-0.794367078047937,3.43832045230246
"Nov 2012",1.32292025808905,-0.0666099263451998,2.71245044252329,-0.802182773379756,3.44802328955785
"Dec 2012",1.32358460386506,-0.0715329519903596,2.71870215972048,-0.810063574789526,3.45723278251965
"Jan 2013",1.32405235385736,-0.0765493039616052,2.72465401167633,-0.817983034976729,3.46608774269145
"Feb 2013",1.32438168545424,-0.0816262416858438,2.73038961259433,-0.825921878804858,3.47468524971335
"Mar 2013",1.32461355996518,-0.0867405137675052,2.73596763369786,-0.833866229940457,3.48309334987082
"Apr 2013",1.32477681726976,-0.0918756679248638,2.74142930246439,-0.841806193699997,3.49135982823953
"May 2013",1.32489176283835,-0.0970201008387286,2.74680362651543,-0.849734773404847,3.49951829908155
"Jun 2013",1.3249726932676,-0.10216565614879,2.75211104268399,-0.857647063139475,3.50759244967467
"Jul 2013",1.32502967444972,-0.107306622178734,2.75736597107818,-0.865539656210234,3.51559900510968
"Aug 2013",1.325069793539,-0.112439018171988,2.76257860525,-0.873410216288163,3.52354980336617
"Sep 2013",1.32509804043148,-0.117560087337333,2.76775616820029,-0.881257168716327,3.53145324957929
"Oct 2013",1.32511792839377,-0.122667937449323,2.77290379423685,-0.889079479396641,3.53931533618417
"Nov 2013",1.32513193103297,-0.127761286389363,2.77802514845529,-0.896876496946426,3.54714035901236
"Dec 2013",1.32514178995676,-0.132839282154886,2.7831228620684,-0.904647840291614,3.55493142020513
"Jan 2014",1.32514873138951,-0.137901375630885,2.78819883840991,-0.912393318757242,3.56269078153626
"Feb 2014",1.32515361868651,-0.142947230704067,2.79325446807708,-0.920112875335069,3.57042011270809
"Mar 2014",1.32515705971559,-0.147976660785921,2.79829078021709,-0.927806546448386,3.57812066587956
"Apr 2014",1.32515948246197,-0.152989584001943,2.80330854892588,-0.935474433442636,3.58579339836657
"May 2014",1.32516118825982,-0.157985991569038,2.80830836808869,-0.943116682401911,3.59343905892156
"Jun 2014",1.32516238927135,-0.162965925487944,2.81329070403065,-0.950733469872677,3.60105824841538
"Jul 2014",1.32516323487488,-0.167929462813476,2.81825593256324,-0.958324992776215,3.60865146252597
"Aug 2014",1.32516383024413,-0.172876704568829,2.82320436505708,-0.965891461289775,3.61621912177803
"Sep 2014",1.32516424942939,-0.177807767938163,2.82813626679695,-0.973433093830922,3.6237615926897
"Oct 2014",1.32516454456772,-0.182722780772971,2.83305186990842,-0.980950113531328,3.63127920266678
"Nov 2014",1.32516475236757,-0.187621877731269,2.83795138246642,-0.988442745764939,3.63877225050009
"Dec 2014",1.32516489867448,-0.192505197568844,2.84283499491781,-0.99591121642222,3.64624101377119
"Jan 2015",1.32516500168569,-0.197372881243191,2.84770288461456,-1.00335575071209,3.65368575408346
"Feb 2015",1.32516507421341,-0.202225070590591,2.85255521901742,-1.01077657233681,3.66110672076363
"Mar 2015",1.32516512527845,-0.20706190740727,2.85739215796418,-1.0181739029303,3.66850415348721
"Apr 2015",1.32516516123213,-0.211883532815315,2.86221385527957,-1.02554796168237,3.67587828414662
"May 2015",1.32516518654625,-0.216690086829147,2.86702045992165,-1.03289896509382,3.68322933818633
"Jun 2015",1.32516520436932,-0.221481708063145,2.87181211680179,-1.04022712682378,3.69055753556242
"Jul 2015",1.32516521691812,-0.226258533538506,2.87658896737474,-1.04753265760156,3.6978630914378
"Aug 2015",1.32516522575343,-0.231020698559762,2.88135115006662,-1.05481576518382,3.70514621669068
"Sep 2015",1.32516523197416,-0.235768336640121,2.88609880058843,-1.06207665434313,3.71240711829144
"Oct 2015",1.32516523635402,-0.240501579460899,2.89083205216895,-1.06931552687825,3.7196459995863
"Nov 2015",1.32516523943778,-0.245220556854711,2.89555103573028,-1.07653258163942,3.72686306051498
"Dec 2015",1.32516524160899,-0.249925396805084,2.90025588002306,-1.08372801456358,3.73405849778155
