"","Point.Forecast","Lo.80","Hi.80","Lo.95","Hi.95"
"Jan 2011",0.0117603677104709,0.00899540016389079,0.0145253352570509,0.00753171475929907,0.0159890206616426
"Feb 2011",0.0158966613867628,0.0130634838423647,0.018729838931161,0.0115636902460595,0.0202296325274662
"Mar 2011",0.0243591207804949,0.0214592807855883,0.0272589607754015,0.0199241982196298,0.02879404334136
"Apr 2011",0.0302229435736875,0.0272578854828697,0.0331880016645053,0.025688278542396,0.034757608604979
"May 2011",0.034063944212958,0.0310350202194226,0.0370928682064935,0.0294316047122717,0.0386962837136444
"Jun 2011",0.0322602121684533,0.0291686917537284,0.0353517325831783,0.0275321397028274,0.0369882846340792
"Jul 2011",0.0289115087806979,0.0257585868626617,0.0320644306987342,0.0240895308193258,0.03373348674207
"Aug 2011",0.0288922817916037,0.0256790857924076,0.0321054777907997,0.0239781225778726,0.0338064410053347
"Sep 2011",0.0267889095676421,0.0235165055787473,0.030061313556537,0.0217841995477425,0.0317936195875418
"Oct 2011",0.0213203177156151,0.017989715902874,0.0246509195283561,0.0162266018049001,0.0264140336263301
"Nov 2011",0.0131226460236013,0.00973480538861362,0.016510486658589,0.00794139088845156,0.018303901158751
"Dec 2011",0.00990726345308142,0.00646309604604668,0.0133514308601162,0.00463986395390781,0.015174662952255
"Jan 2012",0.011793548323454,0.00829387378233136,0.0152932228645766,0.00644125798834195,0.017145838658566
"Feb 2012",0.0159291144838217,0.0123748117400658,0.0194834172275776,0.0104932775224326,0.0213649514452108
"Mar 2012",0.0243908623130955,0.0207827234225459,0.0279990012036451,0.018872690070303,0.0299090345558881
"Apr 2012",0.0302539891435451,0.0265927719658258,0.0339152063212644,0.0246546406656243,0.035853337621466
"May 2012",0.0340943090797057,0.0303807396959398,0.0378078784634716,0.0284148948119085,0.0397737233475029
"Jun 2012",0.0322899112571423,0.0285246861548477,0.0360551363594369,0.0265314963852074,0.0380483261290773
"Jul 2012",0.0289405566891339,0.025124344742318,0.0327567686359499,0.0231041641675796,0.0347769492106883
"Aug 2012",0.0289206927975218,0.0250541370659816,0.032787248529062,0.0230073061014389,0.0348340794936048
"Sep 2012",0.0268166976357249,0.0229004170042116,0.0307329782672382,0.0208272632676619,0.0328061320037879
"Oct 2012",0.0213474965043562,0.0173820871794491,0.0253129058292633,0.0152829262835906,0.0274120667251217
"Nov 2012",0.0131492288920193,0.00913526577218656,0.017163192011852,0.00701040204988521,0.0192880557341533
"Dec 2012",0.00993326346728582,0.00587130139960182,0.0139952255349698,0.00372102856915645,0.0161454983654152
"Jan 2013",0.0118189782630677,0.00770951114655839,0.015928445379577,0.00553409066232012,0.0181038658638153
"Feb 2013",0.0159539868482625,0.0117975753280946,0.0201103983684304,0.0095973039776871,0.022310669718838
"Mar 2013",0.0244151893277198,0.020212334656047,0.0286180439993926,0.017987477786332,0.0308429008691075
"Apr 2013",0.0302777827656568,0.0260289702521131,0.0345265952792005,0.0237797847704923,0.0367757807608213
"May 2013",0.0341175810044337,0.0298232808563064,0.038411881152561,0.027550015675482,0.0406851463333854
"Jun 2013",0.032312672923189,0.0279733410246761,0.0366520048217019,0.0256762374751648,0.0389491083712132
"Jul 2013",0.0289628192843973,0.0245788979205064,0.0333467406482883,0.0222581901338484,0.0356674484349463
"Aug 2013",0.0289424672645949,0.0245143857946353,0.0333705487345545,0.0221703010599195,0.0357146334692702
"Sep 2013",0.026837994677274,0.0223661701623633,0.0313098191921847,0.0199989292584091,0.033677060096139
"Oct 2013",0.0213683265883818,0.0168531643769227,0.025883488799841,0.0144629818822127,0.0282736712945509
"Nov 2013",0.0131696022570012,0.00861149653167853,0.0177277079823238,0.00619858111392155,0.0201406234000808
"Dec 2013",0.00995319012721554,0.00535252441670321,0.0145538558377279,0.00291707910371515,0.0169893011507159
"Jan 2014",0.0118384680123706,0.00719557834891407,0.0164813576758272,0.00473778102542047,0.0189391549993208
"Feb 2014",0.0159730492666122,0.0112883369338047,0.0206577615994196,0.00880840002650814,0.0231376985067162
"Mar 2014",0.0244338337847463,0.0197076530993649,0.0291600144701277,0.0172057641722372,0.0316619033972554
"Apr 2014",0.0302960184255525,0.0255287147980923,0.0350633220530127,0.0230050567004045,0.0375869801507005
"May 2014",0.0341354168304575,0.0293273271383044,0.0389435065226105,0.0267820782021724,0.0414887554587425
"Jun 2014",0.0323301176820718,0.027481570620995,0.0371786647431486,0.0249149048474484,0.0397453305166952
"Jul 2014",0.0289798815506514,0.0240911979662092,0.0338685651350936,0.021503285200627,0.0364564779006758
"Aug 2014",0.0289591554247284,0.0240306486250402,0.0338876622244165,0.0214216547227222,0.0364966561267345
"Sep 2014",0.0268543169339129,0.021886292985124,0.0318223408827018,0.0192563799677005,0.0344522539001253
"Oct 2014",0.0213842909643019,0.0163770489699532,0.0263915329586506,0.0137263751732745,0.0290422067553294
"Nov 2014",0.0131852165990714,0.00813904896448619,0.0182313842336567,0.00546776917858013,0.0209026640195628
"Dec 2014",0.00996846211025499,0.00488365479296009,0.0150532694275499,0.00219192039459752,0.0177450038259125
"Jan 2015",0.0118534051429207,0.00673020399699294,0.0169766062888485,0.00401814513346048,0.0196886651523809
"Feb 2015",0.0159876588866264,0.010826371817155,0.0211489459560978,0.00809415148356114,0.0238811662896917
"Mar 2015",0.024448123075199,0.0192490180674004,0.0296472280829977,0.0164967781265493,0.0323994680238488
"Apr 2015",0.0303099944099685,0.0250733338811061,0.035546654938831,0.0223012132483059,0.0383187755716312
"May 2015",0.0341490863783641,0.0288751273709606,0.0394230453857677,0.0260832621163033,0.0422149106404249
"Jun 2015",0.0323434875123758,0.0270324818780725,0.0376544931466791,0.0242210053237639,0.0404659697009877
"Jul 2015",0.028992958234941,0.0236451528095811,0.0343407636603009,0.0208141956226234,0.0371717208472587
"Aug 2015",0.0289719453905037,0.0235875821609706,0.0343563086200368,0.0207372724414819,0.0372066183395255
"Sep 2015",0.0268668264677452,0.0214461427310508,0.0322875102044395,0.0185766060964813,0.035157046839009
"Oct 2015",0.0213965262149233,0.0159397547300043,0.0268532976998423,0.0130511143954922,0.0297419380343544
"Nov 2015",0.0131971835803975,0.00770455271304425,0.0186898144477507,0.00479692956813654,0.0215974375926584
"Dec 2015",0.00998016670434048,0.00445190056565503,0.0155084328430259,0.0015254132476028,0.0184349201610782
