"","Point.Forecast","Lo.80","Hi.80","Lo.95","Hi.95"
"Jan 2011",0.817469989327159,0.658425732338323,0.976514246315995,0.574232788400652,1.06070719025367
"Feb 2011",0.665657248298705,0.532445043768195,0.798869452829214,0.461926762377891,0.869387734219519
"Mar 2011",0.486676846624163,0.386644157055017,0.586709536193309,0.333690049913502,0.639663643334825
"Apr 2011",0.384544247690872,0.303470476180272,0.465618019201472,0.26055261401511,0.508535881366633
"May 2011",0.329110803313031,0.258024024391352,0.400197582234711,0.22039295675159,0.437828649874472
"Jun 2011",0.273501296784646,0.213044378282686,0.333958215286606,0.181040418841151,0.365962174728141
"Jul 2011",0.291377928212713,0.225528546865436,0.357227309559989,0.190669990026815,0.39208586639861
"Aug 2011",0.322281437340443,0.247886506852146,0.396676367828741,0.208504209556822,0.436058665124064
"Sep 2011",0.403998974249476,0.308820747676492,0.49917720082246,0.258436438015385,0.549561510483567
"Oct 2011",0.547520977925584,0.415976764038986,0.679065191812182,0.346341463558713,0.748700492292455
"Nov 2011",0.78407013247853,0.59210214639764,0.97603811855942,0.490480433071201,1.07765983188586
"Dec 2011",0.90015728782779,0.675713942840892,1.12460063281469,0.556900812964775,1.24341376269081
"Jan 2012",0.817470439383661,0.610020837930632,1.02492004083669,0.500203652477321,1.13473722629
"Feb 2012",0.665657614775,0.493832536547501,0.837482693002499,0.402873834534707,0.928441395015293
"Mar 2012",0.486677114563148,0.358963472235763,0.614390756890534,0.291355953849858,0.681998275276439
"Apr 2012",0.384544459400954,0.282006670653893,0.487082248148016,0.227726444112421,0.541362474689487
"May 2012",0.32911098450434,0.239982928434733,0.418239040573946,0.192801385573562,0.465420583435117
"Jun 2012",0.27350144736025,0.19830935657401,0.348693538146489,0.158505068107521,0.388497826612978
"Jul 2012",0.291378088630261,0.210090016534848,0.372666160725674,0.167058710492714,0.415697466767808
"Aug 2012",0.322281614771858,0.231082634524254,0.413480595019462,0.182804810624594,0.461758418919122
"Sep 2012",0.40399919667032,0.288079843373,0.519918549967641,0.226715844457042,0.581282548883599
"Oct 2012",0.547521279362186,0.388284806748684,0.706757751975689,0.303990110005738,0.791052448718635
"Nov 2012",0.784070564146806,0.55301530802643,1.01512582026718,0.430702043823419,1.13743908447019
"Dec 2012",0.900157783407623,0.631463195142757,1.16885237167249,0.489224872084495,1.31109069473075
"Jan 2013",0.817470889440411,0.570375913010491,1.06456586587033,0.439571733773106,1.19537004510772
"Feb 2013",0.665657981251496,0.461971105339747,0.869344857163245,0.354145786468403,0.977170176034589
"Mar 2013",0.486677382502281,0.335963652562173,0.637391112442389,0.256180623261245,0.717174141743318
"Apr 2013",0.384544671111154,0.264056848038648,0.505032494183659,0.200274447308343,0.568814894913964
"May 2013",0.329111165695748,0.224804092541895,0.4334182388496,0.169587263411364,0.488635067980131
"Jun 2013",0.273501597935936,0.18584176149654,0.361161434375331,0.139437447158768,0.407565748713104
"Jul 2013",0.291378249047897,0.19695761624441,0.385798881851384,0.146974352499518,0.435782145596276
"Aug 2013",0.32228179220337,0.216717246781802,0.427846337624938,0.160834752042569,0.48372883236417
"Sep 2013",0.403999419091287,0.270265037284335,0.537733800898239,0.199470331941393,0.608528506241181
"Oct 2013",0.547521580798955,0.364393564270836,0.730649597327073,0.267451448152484,0.827591713445425
"Nov 2013",0.78407099581532,0.519150940915301,1.04899105071534,0.378910735123226,1.18923125650741
"Dec 2013",0.900158278987728,0.592971730933049,1.20734482704241,0.430356995208328,1.36995956276713
"Jan 2014",0.817471339497409,0.53576000534227,1.09918267365255,0.386631033242417,1.2483116457524
"Feb 2014",0.665658347728195,0.434051158712221,0.897265536744168,0.31144571888328,1.01987097657311
"Mar 2014",0.486677650441561,0.315740015911761,0.657615284971362,0.225251098214998,0.748104202668124
"Apr 2014",0.384544882821469,0.248222131259913,0.520867634383026,0.176057225736435,0.593032539906504
"May 2014",0.329111346887256,0.211372155327557,0.446850538446954,0.149044792227938,0.509177901546574
"Jun 2014",0.273501748511705,0.17477623365665,0.37222726336676,0.122514103009627,0.424489394013783
"Jul 2014",0.291378409465622,0.185268919297842,0.397487899633401,0.129097948235506,0.453658870695737
"Aug 2014",0.322281969634979,0.203896336164075,0.440667603105884,0.141226767387749,0.50333717188221
"Sep 2014",0.403999641512376,0.254324148386838,0.553675134637914,0.175090728456144,0.632908554568608
"Oct 2014",0.547521882235889,0.342962014684229,0.752081749787549,0.234674561954118,0.86036920251766
"Nov 2014",0.784071427484072,0.488700223010703,1.07944263195744,0.332340152362102,1.23580270260604
"Dec 2014",0.900158774568106,0.558280661396355,1.24203688773986,0.377301320420803,1.42301622871541
"Jan 2015",0.817471789554654,0.504492745873699,1.13045083323561,0.338811648189385,1.29613193091992
"Feb 2015",0.665658714205095,0.408778421916044,0.922539006494145,0.272794209365052,1.05852321904514
"Mar 2015",0.486677918380989,0.297396348029685,0.675959488732293,0.19719673728775,0.776159099474227
"Apr 2015",0.384545094531902,0.233831031066184,0.535259157997619,0.154047825207462,0.615042363856341
"May 2015",0.329111528078863,0.19914153678127,0.459081519376457,0.130339579401156,0.527883476756571
"Jun 2015",0.273501899087557,0.16468187085664,0.382321927318475,0.10707602761777,0.439927770557345
"Jul 2015",0.291378569883434,0.174587171148008,0.408169968618861,0.11276153926226,0.469995600504608
"Aug 2015",0.322282147066687,0.192159840611283,0.452404453522091,0.123277252457161,0.521287041676213
"Sep 2015",0.403999863933588,0.239707405064916,0.56829232280226,0.152736230872294,0.655263496994882
"Oct 2015",0.547522183672989,0.323279227421935,0.771765139924044,0.2045721769348,0.890472190411178
"Nov 2015",0.784071859153061,0.460690870418991,1.10745284788713,0.289503315643547,1.27864040266258
"Dec 2015",0.900159270148757,0.526323044961431,1.27399549533608,0.328426101400141,1.47189243889737
