"","Point.Forecast","Lo.80","Hi.80","Lo.95","Hi.95"
"Jan 2011",0.7482611372799,0.453890705866134,1.04263156869367,0.298060412473856,1.19846186208594
"Feb 2011",0.522603892536347,0.237070269339566,0.808137515733128,0.0859178996452992,0.959289885427395
"Mar 2011",0.49236468640321,0.180175604647303,0.804553768159116,0.0149126875457265,0.969816685260693
"Apr 2011",0.418486043133158,0.0923191251058923,0.744652961160423,-0.0803432115525133,0.917315297818828
"May 2011",0.459819366424011,0.102920262100935,0.816718470747088,-0.0860107112682387,1.00564944411626
"Jun 2011",0.604292728263294,0.192359053242218,1.01622640328437,-0.0257054620299219,1.23429091855651
"Jul 2011",1.16319948193648,0.569397515933563,1.75700144793939,0.255057742965393,2.07134122090756
"Aug 2011",0.833169273570304,0.240639207220178,1.42569933992043,-0.0730272627429728,1.73936580988358
"Sep 2011",0.710359970592907,0.0939702074108286,1.32674973377498,-0.232326823100532,1.65304676428635
"Oct 2011",0.576093479829905,-0.0566497939746179,1.20883675363443,-0.391603850078019,1.54379080973783
"Nov 2011",0.832077914868863,0.129908256706462,1.53424757303126,-0.241797907248583,1.90595373698631
"Dec 2011",0.81049449544469,0.0680849451612321,1.55290404572815,-0.324922930943304,1.94591192183268
"Jan 2012",0.7482611372799,-0.0261762481626249,1.52269852272243,-0.436138636055547,1.93266091061535
"Feb 2012",0.522603892536347,-0.261391166142211,1.30659895121491,-0.676413080623335,1.72162086569603
"Mar 2012",0.49236468640321,-0.31471685353126,1.29944622633768,-0.741960012959528,1.72668938576595
"Apr 2012",0.418486043133158,-0.407296617949123,1.24426870421544,-0.844439552912699,1.68141163917901
"May 2012",0.459819366424011,-0.391866361233906,1.31150509408193,-0.842721551347754,1.76236028419578
"Jun 2012",0.604292728263294,-0.285108791038902,1.49369424756549,-0.755929515222267,1.96451497174886
"Jul 2012",1.16319948193648,0.164111516759188,2.16228744711377,-0.364773704458687,2.69117266833164
"Aug 2012",0.833169273570304,-0.177698309273259,1.84403685641387,-0.712819283410231,2.37915783055084
"Sep 2012",0.710359970592907,-0.327361591898876,1.74808153308469,-0.876698204159674,2.29741814534549
"Oct 2012",0.576093479829905,-0.484328411065041,1.63651537072485,-1.04568185130063,2.19786881096044
"Nov 2012",0.832077914868863,-0.283908914922292,1.94806474466002,-0.874676657025553,2.53883248676328
"Dec 2012",0.81049449544469,-0.344023243716874,1.96501223460625,-0.955188017149082,2.57617700803846
"Jan 2013",0.7482611372799,-0.440010126386141,1.93653240094594,-1.06904293636433,2.56556521092413
"Feb 2013",0.522603892536347,-0.685110849009152,1.73031863408185,-1.32443641443825,2.36964419951095
"Mar 2013",0.49236468640321,-0.743853047110693,1.72858241991711,-1.39826718505593,2.38299655786235
"Apr 2013",0.418486043133158,-0.843648917163581,1.6806210034299,-1.51178280621999,2.3487548924863
"May 2013",0.459819366424011,-0.833234295381735,1.75287302822976,-1.51773555633863,2.43737428918666
"Jun 2013",0.604292728263294,-0.727852633921102,1.93643809044769,-1.43304779103446,2.64163324756104
"Jul 2013",1.16319948193648,-0.258108688543699,2.58450765241665,-1.0105037852355,3.33690274910846
"Aug 2013",0.833169273570304,-0.610320931793202,2.27665947893381,-1.37445848844372,3.04079703558433
"Sep 2013",0.710359970592907,-0.766157280583892,2.18687722176971,-1.54777829919167,2.96849824037749
"Oct 2013",0.576093479829905,-0.930819278274466,2.08300623793428,-1.72853070630137,2.88071766596118
"Nov 2013",0.832077914868863,-0.728833351962278,2.3929891817,-1.55512986381443,3.21928569355216
"Dec 2013",0.81049449544469,-0.792751668716601,2.41374065960598,-1.64145892148457,3.26244791237395
"Jan 2014",0.7482611372799,-0.894223043315161,2.39074531787496,-1.76370164728046,3.26022392184026
"Feb 2014",0.522603892536347,-1.14907440122114,2.19428218629383,-2.03400743516291,3.0792152202356
"Mar 2014",0.49236468640321,-1.21535076854862,2.20008014135504,-2.11936072327679,3.10409009608321
"Apr 2014",0.418486043133158,-1.32369730629259,2.16066939255891,-2.24595346218536,3.08292554845168
"May 2014",0.459819366424011,-1.32076541007512,2.24040414292315,-2.26335005350921,3.18298878635724
"Jun 2014",0.604292728263294,-1.22097326986827,2.42955872639485,-2.18721072327606,3.39579617980265
"Jul 2014",1.16319948193648,-0.744112520346111,3.07051148421907,-1.7537825047901,4.08018146866306
"Aug 2014",0.833169273570304,-1.10706348867061,2.77340203581121,-2.13416067073891,3.80049921787952
"Sep 2014",0.710359970592907,-1.27118548011011,2.69190542129593,-2.32015227840636,3.74087221959218
"Oct 2014",0.576093479829905,-1.44513276400794,2.59731972366775,-2.51510530532852,3.66729226498833
"Nov 2014",0.832077914868863,-1.24681951589224,2.91097534562997,-2.34732133943513,4.01147716917285
"Dec 2014",0.81049449544469,-1.31772801787576,2.93871700876514,-2.44434096287166,4.06532995376104
"Jan 2015",0.7482611372799,-1.42731129693512,2.92383357149492,-2.57898977595788,4.07551205051768
"Feb 2015",0.522603892536347,-1.69308679815944,2.73829458323214,-2.86600259931323,3.91121038438593
"Mar 2015",0.49236468640321,-1.76895851693217,2.75368788973859,-2.9660307110997,3.95076008390612
"Apr 2015",0.418486043133158,-1.8876424790578,2.72461456532412,-3.10843317630075,3.94540526256706
"May 2015",0.459819366424011,-1.89445149939444,2.81409023224247,-3.14072721391998,4.060365946768
"Jun 2015",0.604292728263294,-1.80325426946576,3.01183972599235,-3.0777326646293,4.28631812115589
"Jul 2015",1.16319948193648,-1.32651540892934,3.65291437280229,-2.64449085926052,4.97088982313348
"Aug 2015",0.833169273570304,-1.70164046632715,3.36797901346775,-3.04348768775073,4.70982623489134
"Sep 2015",0.710359970592907,-1.87635502804193,3.29707496922774,-3.24567923368163,4.66639917486744
"Oct 2015",0.576093479829905,-2.06167161154545,3.21385857120526,-3.45802010386794,4.61020706352774
"Nov 2015",0.832077914868863,-1.87094660929789,3.53510243903562,-3.30184135855813,4.96599718829585
"Dec 2015",0.81049449544469,-1.95180667546381,3.57279566635319,-3.41408058603693,5.03506957692631
