"","Point.Forecast","Lo.80","Hi.80","Lo.95","Hi.95"
"Jan 2011",28.709170637917,24.642319728236,32.7760215475981,22.4894589011664,34.9288823746676
"Feb 2011",26.0053494487736,22.2539379851165,29.7567609124307,20.2680607140561,31.7426381834911
"Mar 2011",23.6729664038735,20.1857859605856,27.1601468471613,18.3397841424698,29.0061486652771
"Apr 2011",18.162573563343,15.3560787799373,20.9690683467488,13.8704101840746,22.4547369426115
"May 2011",15.4484909302002,12.9490066933033,17.947975167097,11.6258596635749,19.2711221968254
"Jun 2011",15.0268394674236,12.5498283570756,17.5038505777715,11.2385778819255,18.8151010529216
"Jul 2011",15.7933954485204,13.1957221459621,18.3910687510787,11.8205969646358,19.7661939324049
"Aug 2011",18.0266624987174,15.1255906777751,20.9277343196598,13.5898560225029,22.4634689749319
"Sep 2011",21.2355921586203,17.8974485115118,24.5737358057289,16.1303420075867,26.340842309654
"Oct 2011",26.6271069390682,22.5531505202157,30.7010633579206,20.3965282638017,32.8576856143347
"Nov 2011",31.2542673943609,26.520919899615,35.9876148891069,24.0152370927807,38.4932976959412
"Dec 2011",30.8821156221762,26.1347338710407,35.6294973733117,23.6216217776432,38.1426094667092
"Jan 2012",28.709170637917,24.17907709296,33.2392641828741,21.7809904277511,35.6373508480829
"Feb 2012",26.0053494487736,21.7560038407803,30.2546950567668,19.5065361560045,32.5041627415426
"Mar 2012",23.6729664038735,19.6548105777803,27.6911222299666,17.5277273708537,29.8182054368932
"Apr 2012",18.162573563343,14.7183089199171,21.606838206769,12.895025353942,23.430121772744
"May 2012",15.4484909302002,12.2492065965708,18.6477752638296,10.5556077729375,20.3413740874629
"Jun 2012",15.0268394674236,11.8448492287004,18.2088297061468,10.1604053459021,19.893273588945
"Jul 2012",15.7933954485204,12.5163692726204,19.0704216244203,10.7816164036175,20.8051744934232
"Aug 2012",18.0266624987174,14.5040549539261,21.5492700435087,12.6392991611165,23.4140258363183
"Sep 2012",21.2355921586203,17.3449116236553,25.1262726935853,15.2853097596114,27.1858745576293
"Oct 2012",26.6271069390682,22.0891595746126,31.1650543035237,19.6869153485006,33.5672985296357
"Nov 2012",31.2542673943609,26.1159920917201,36.3925426970017,23.3959534516457,39.1125813370761
"Dec 2012",30.8821156221762,25.7307757079824,36.03345553637,23.0038210803151,38.7604101640373
"Jan 2013",28.709170637917,23.757223619921,33.6611176559131,21.1358212155719,36.2825200602622
"Feb 2013",26.0053494487736,21.3087171232708,30.7019817742763,18.8224701530036,33.1882287445436
"Mar 2013",23.6729664038735,19.1842807987167,28.1616520090302,16.8081141727485,30.5378186349984
"Apr 2013",18.162573563343,14.1792226167587,22.1459245099274,12.0705640000984,24.2545831265877
"May 2013",15.4484909302002,11.6747652702862,19.2222165901142,9.677075577262,21.2199062831383
"Jun 2013",15.0268394674236,11.2675666016722,18.7861123331749,9.27752775572494,20.7761511791222
"Jul 2013",15.7933954485204,11.9531488755448,19.6336420214959,9.92024513826588,21.6665457587748
"Aug 2013",18.0266624987174,13.9746363652757,22.0786886321591,11.8296233006998,24.2237016967351
"Sep 2013",21.2355921586203,16.8596123637424,25.6115719534982,14.5431085897746,27.928075727466
"Oct 2013",26.6271069390682,21.6666200431283,31.587593835008,19.0406969004729,34.2135169776634
"Nov 2013",31.2542673943609,25.7391252648323,36.7694095238895,22.8195853775651,39.6889494111567
"Dec 2013",30.8821156221762,25.3546746375032,36.4095566068492,22.4286241295994,39.335607114753
"Jan 2014",28.709170637917,23.3669380536144,34.0514032222197,20.5389309505113,36.8794103253228
"Feb 2014",26.0053494487736,20.8987442411342,31.111954656413,18.195470736648,33.8152281608991
"Mar 2014",23.6729664038735,18.7568020867807,28.5891307209662,16.1543419000767,31.1915909076703
"Apr 2014",18.162573563343,13.7028798543666,22.6222672723195,11.3420606111706,24.9830865155155
"May 2014",15.4484909302002,11.1748210406224,19.722160819778,8.91247685898626,21.9845050014141
"Jun 2014",15.0268394674236,10.7657511772462,19.2879277576009,8.51006729201448,21.5436116428326
"Jul 2014",15.7933954485204,11.4605252978246,20.1262655992161,9.16684239098227,22.4199485060584
"Aug 2014",18.0266624987174,13.5048541261786,22.5484708712562,11.1111533663155,24.9421716311194
"Sep 2014",21.2355921586203,16.4211666383169,26.0500176789238,13.872563717361,28.5986205998796
"Oct 2014",26.6271069390682,21.2756967997124,31.978517078424,18.4428313924321,34.8113824857042
"Nov 2014",31.2542673943609,25.384904984844,37.1236298038779,22.2778522081504,40.2306825805714
"Dec 2014",30.8821156221762,25.0010771066875,36.7631541376649,21.887843372856,39.8763878714964
"Jan 2015",28.709170637917,23.0017338709414,34.4166074048927,19.9803993515597,37.4379419242743
"Feb 2015",26.0053494487736,20.5177087409994,31.4929901565478,17.612727227004,34.3979716705432
"Mar 2015",23.6729664038735,18.3619614643451,28.9839713434018,15.5504852778281,31.7954475299189
"Apr 2015",18.162573563343,13.2709085668443,23.0542385598418,10.6814175370551,25.643729589631
"May 2015",15.4484909302002,10.725648031727,20.1713338286733,8.22552602225715,22.6714558381432
"Jun 2015",15.0268394674236,10.3152195113669,19.7384594234802,7.82103856873953,22.2326403661076
"Jul 2015",15.7933954485204,11.016598560524,20.5701923365167,8.48791503427165,23.0988758627691
"Aug 2015",18.0266624987174,13.0776881195327,22.9756368779021,10.4578593351151,25.5954656623198
"Sep 2015",21.2355921586203,16.0177425243877,26.453441792853,13.2555797776939,29.2156045395467
"Oct 2015",26.6271069390682,20.9098938925042,32.3443199856322,17.8833841233217,35.3708297548147
"Nov 2015",31.2542673943609,25.0494452129283,37.4590895757935,21.7648107598827,40.7437240288392
"Dec 2015",30.8821156221762,24.6661352854579,37.0980959588945,21.3755940618052,40.3886371825472
