"","Point.Forecast","Lo.80","Hi.80","Lo.95","Hi.95"
"Jan 2011",0.90712312579969,0.684188194318001,1.13005805728138,0.566173570317439,1.24807268128194
"Feb 2011",0.646175359366818,0.420712925095488,0.871637793638149,0.301360321939315,0.990990396794322
"Mar 2011",0.386325534956899,0.158360326250994,0.614290743662804,0.037682834339652,0.734968235574146
"Apr 2011",0.253737434099929,0.0232933714576653,0.484181496742193,-0.0986963464619895,0.606171214661848
"May 2011",0.176303639080967,-0.0565961229236276,0.409203401085561,-0.179885809560512,0.532493087722445
"Jun 2011",0.0879803888734647,-0.147352644886164,0.323313422633093,-0.271930427782136,0.447891205529065
"Jul 2011",0.09674939024043,-0.140995178385692,0.334493958866552,-0.266849550727032,0.460348331207892
"Aug 2011",0.154067725395013,-0.086067298152025,0.39420274894205,-0.213187100889612,0.521322551679637
"Sep 2011",0.249372509688447,0.00686748573911697,0.491877533637776,-0.121506919426626,0.62025193880352
"Oct 2011",0.445836732663197,0.200981566849986,0.690691898476408,0.0713630717313106,0.820310393595083
"Nov 2011",0.800320924299208,0.553134906729049,1.04750694186937,0.422282533223218,1.1783593153752
"Dec 2011",0.940069063678224,0.69057094183156,1.18956718552489,0.558494614255238,1.32164351310121
"Jan 2012",0.851301897155829,0.59950689606883,1.10309689824283,0.466214674069317,1.23638912024234
"Feb 2012",0.590354130722958,0.336283014676052,0.844425246769863,0.201785890199435,0.978922371246481
"Mar 2012",0.330504306313038,0.0741743336327037,0.586834278993373,-0.0615185573148453,0.722527169940922
"Apr 2012",0.197916205456068,-0.0606558197542254,0.456488230666362,-0.197535581617669,0.593367992529806
"May 2012",0.120482410437106,-0.140315298495475,0.381280119369688,-0.278373266151454,0.519338087025666
"Jun 2012",0.032159160229604,-0.230848281067599,0.295166601526807,-0.370076010377435,0.434394330836643
"Jul 2012",0.0409281615965694,-0.22427346131516,0.306129784508299,-0.364662720209015,0.446519043402154
"Aug 2012",0.0982464967511519,-0.169134141722228,0.365627135224532,-0.310676901776671,0.507169895278974
"Sep 2012",0.193551281044586,-0.0759935765913212,0.463096138680493,-0.218682005065795,0.605784567154967
"Oct 2012",0.390015504019336,0.11832086820256,0.661710139836113,-0.0255055840980313,0.805536592136704
"Nov 2012",0.744499695655348,0.470669380705763,1.01833001060493,0.325712368164258,1.16328702314644
"Dec 2012",0.884247835034363,0.608295610848177,1.16020005922055,0.462215327408493,1.30628034266023
"Jan 2013",0.795480668511969,0.517417246277774,1.07354409074616,0.370219362100644,1.22074197492329
"Feb 2013",0.534532902079097,0.254374191340337,0.814691612817857,0.106067128429324,0.96299867572887
"Mar 2013",0.274683077669178,-0.00755806921975138,0.556924224558107,-0.156967507239205,0.70633366257756
"Apr 2013",0.142094976812208,-0.142216038031961,0.426405991656377,-0.292721197959349,0.576911151583765
"May 2013",0.0646611817932455,-0.221707407075091,0.351029770661582,-0.373301780896424,0.502624144482915
"Jun 2013",-0.0236620684142566,-0.312076202217282,0.264752065388769,-0.46475342211724,0.417429285288727
"Jul 2013",-0.0148930670472913,-0.305340972559537,0.275554838464955,-0.459094806169027,0.429308672074444
"Aug 2013",0.0424252681072912,-0.250044883193238,0.33489541940782,-0.404869229058276,0.489719765272858
"Sep 2013",0.137730052400725,-0.156751057905638,0.432211162707089,-0.31263994116451,0.588100045965961
"Oct 2013",0.334194275375476,0.0377132615027457,0.630675289248206,-0.119234306753823,0.787622857504774
"Nov 2013",0.688678467011487,0.390208381115157,0.987148552907817,0.232207861733276,1.1451490722897
"Dec 2013",0.828426606390503,0.527978063233512,1.12887514954749,0.368930211842393,1.28792300093861
"Jan 2014",0.739659439868108,0.437240303639048,1.04207857609717,0.277149283288659,1.20216959644756
"Feb 2014",0.478711673435236,0.174334702403881,0.783088644466591,0.013207266914276,0.944216079956197
"Mar 2014",0.218861849025317,-0.0874629529988962,0.52518665104953,-0.249621507930892,0.687345205981527
"Apr 2014",0.0862737481683472,-0.221989072285877,0.394536568622571,-0.385173552203265,0.55772104853996
"May 2014",0.00883995314938485,-0.301351258695646,0.319031164994416,-0.465556567351714,0.483236473650484
"Jun 2014",-0.0794832970581172,-0.391593453290928,0.232626859174694,-0.556814589744357,0.397847995628123
"Jul 2014",-0.0707142956911519,-0.384734124080608,0.243305532698304,-0.55096617990873,0.409537588526426
"Aug 2014",-0.0133959605365694,-0.329316358570818,0.302524437497679,-0.496554515194928,0.469762594121789
"Sep 2014",0.0819088237568648,-0.235903206277875,0.399720853791604,-0.404142732394875,0.567960379908604
"Oct 2014",0.278373046731615,-0.0413218378658774,0.598067931329108,-0.210558086980903,0.767304180444133
"Nov 2014",0.632857238367626,0.311288120918311,0.954426355816942,0.141059712863332,1.12465476387192
"Dec 2014",0.772605377746642,0.44917049773709,1.09604025775619,0.277954414643672,1.26725634084961
"Jan 2015",0.683838211224248,0.358543511394331,1.00913291105416,0.186342899158933,1.18133352328956
"Feb 2015",0.422890444791376,0.0957464985998102,0.750034390982941,-0.0774330455266289,0.92321393510938
"Mar 2015",0.163040620381456,-0.165944532101909,0.492025772864822,-0.340098751963506,0.666179992726419
"Apr 2015",0.0304525195244865,-0.300365934926869,0.361270973975842,-0.475490646227353,0.536395685276326
"May 2015",-0.0469812754944758,-0.379625259773523,0.285662708784572,-0.555716348190348,0.461753797201396
"Jun 2015",-0.135304525701978,-0.469766396418025,0.19915734501407,-0.646819815784569,0.376210764380613
"Jul 2015",-0.126535524335013,-0.462807763535796,0.209736714865771,-0.640819534088529,0.387748485418504
"Aug 2015",-0.06921718918043,-0.407292401158089,0.268858022797229,-0.586258607845761,0.447824229484901
"Sep 2015",0.0260875951130042,-0.313783313095948,0.365958503321956,-0.493700103948007,0.545875294174015
"Oct 2015",0.222551818087754,-0.11910762599397,0.564211262169479,-0.29997121054558,0.745074846721089
"Nov 2015",0.577036009723766,0.233595076813734,0.920476942633797,0.0517884290425716,1.10228359040496
"Dec 2015",0.716784149102781,0.371568663870115,1.06199963433545,0.188822624843696,1.24474567336187
