"","Point.Forecast","Lo.80","Hi.80","Lo.95","Hi.95"
"Jan 2011",0.845070260211756,0.666412684143429,1.02372783628008,0.571837076254509,1.118303444169
"Feb 2011",0.648732935593023,0.509413967391666,0.78805190379438,0.43566296058823,0.861802910597816
"Mar 2011",0.468825206842359,0.366446154774295,0.571204258910422,0.312249958354808,0.62540045532991
"Apr 2011",0.376347888588133,0.292698042616146,0.459997734560121,0.248416489005513,0.504279288170754
"May 2011",0.334031608432483,0.258394455628763,0.409668761236202,0.218354565561839,0.449708651303126
"Jun 2011",0.274663420192282,0.211248504727552,0.338078335657013,0.177678676280939,0.371648164103625
"Jul 2011",0.290194120421056,0.221824017503578,0.358564223338534,0.185631071270077,0.394757169572034
"Aug 2011",0.328459202936155,0.249434644944932,0.407483760927379,0.20760157088982,0.449316834982491
"Sep 2011",0.397228544359456,0.299569723562058,0.494887365156854,0.247872266639791,0.546584822079122
"Oct 2011",0.533760523139505,0.399587093961172,0.667933952317839,0.328559970979111,0.738961075299899
"Nov 2011",0.805576530655809,0.598416407912941,1.01273665339868,0.488752463232213,1.12240059807941
"Dec 2011",0.945650714517597,0.69675818007455,1.19454324896064,0.56500243110501,1.32629899793018
"Jan 2012",0.853314420397707,0.623352970779879,1.08327587001554,0.501618732762983,1.20501010803243
"Feb 2012",0.65505656893976,0.474242694934003,0.835870442945517,0.378525611868323,0.931587526011197
"Mar 2012",0.473391450736824,0.339514464094329,0.60726843737932,0.268644268311484,0.678138633162165
"Apr 2012",0.380010453558761,0.26987775589404,0.490143151223483,0.211577027431765,0.548443879685757
"May 2012",0.337279723505421,0.237089026797054,0.437470420213789,0.184051275728583,0.490508171282259
"Jun 2012",0.277332078307907,0.192879088153733,0.36178506846208,0.14817237569496,0.406491780920853
"Jul 2012",0.293011395691271,0.201532651228895,0.384490140153648,0.153106729099873,0.432916062282669
"Aug 2012",0.331645387661411,0.225486441302195,0.437804334020627,0.169289289713559,0.494001485609264
"Sep 2012",0.401078707142922,0.269444102463836,0.532713311822008,0.19976095198842,0.602396462297423
"Oct 2012",0.53892985605773,0.357575693715846,0.720284018399615,0.261572599281664,0.816287112833797
"Nov 2012",0.81337204096198,0.532748693748038,1.09399538817592,0.384195667144611,1.24254841477935
"Dec 2012",0.954794340955899,0.617074255546041,1.29251442636576,0.438296041507583,1.47129264040421
"Jan 2013",0.861558825916946,0.549157172337795,1.1739604794961,0.38378172651034,1.33933592532355
"Feb 2013",0.661380390617076,0.415564836125421,0.90719594510873,0.285437941950449,1.0373228392837
"Mar 2013",0.477957830730965,0.295893997684178,0.660021663777752,0.199515226271756,0.756400435190174
"Apr 2013",0.383673127780754,0.233907893090088,0.533438362471421,0.154626966844455,0.612719288717054
"May 2013",0.340527935543633,0.204336018911854,0.476719852175412,0.132240373216529,0.548815497870737
"Jun 2013",0.280000816153348,0.165281902090271,0.394719730216425,0.104553377318823,0.455448254987874
"Jul 2013",0.295828755197897,0.171687270865712,0.419970239530082,0.105970738696603,0.485686771699191
"Aug 2013",0.334831667728607,0.19094395276232,0.478719382694895,0.114774397515025,0.55488893794219
"Sep 2013",0.40492898522772,0.226767727028929,0.58309024342651,0.132454853949529,0.67740311650591
"Oct 2013",0.54409934390458,0.299044275473015,0.789154412336145,0.169319958300411,0.918878729508749
"Nov 2013",0.821167785089076,0.442655382701079,1.19968018747707,0.24228302045852,1.40005254971963
"Dec 2013",0.963938241866608,0.509295773097205,1.41858071063601,0.26862258810145,1.65925389563177
"Jan 2014",0.869803479103506,0.450115024301317,1.28949193390569,0.227945376585407,1.51166158162161
"Feb 2014",0.667704402415273,0.338186969720432,0.997221835110113,0.163750977735451,1.17165782709509
"Mar 2014",0.482524348117544,0.239019084244902,0.726029611990187,0.11011518404814,0.854933512186949
"Apr 2014",0.387335912291033,0.187497907670193,0.587173916911873,0.0817100581860117,0.692961766396054
"May 2014",0.343776245466701,0.162486432245539,0.525066058687863,0.0665174021781949,0.621035088755208
"Jun 2014",0.282669634484139,0.130338058769904,0.435001210198373,0.0496985936495397,0.515640675318738
"Jul 2014",0.29864619973854,0.134213864181672,0.463078535295407,0.0471686437431164,0.550123755733963
"Aug 2014",0.338018044039795,0.147911901261824,0.528124186817766,0.0472757882443259,0.628760299835264
"Sep 2014",0.408779379703882,0.173990044895935,0.64356871451183,0.0497000788392788,0.767858680568486
"Oct 2014",0.549268988143561,0.227150756064157,0.871387220222966,0.0566316642828884,1.04190631200423
"Nov 2014",0.828963765244111,0.33269711735408,1.32523041313414,0.0699894229362041,1.58793810755202
"Dec 2014",0.973082419838407,0.378533221152348,1.56763161852447,0.0637978870957645,1.88236695258105
"Jan 2015",0.878048382291487,0.330618630411324,1.42547813417165,0.0408268247688556,1.71526993981412
"Feb 2015",0.67402860612471,0.245314008304697,1.10274320394472,0.0183662091015163,1.3296910031479
"Mar 2015",0.487091004189365,0.171087169575482,0.803094838803249,0.00380484429414113,0.97037716408459
"Apr 2015",0.390998808126549,0.132318485254176,0.649679130998922,-0.00461860592857,0.786616222181668
"May 2015",0.347024654194239,0.112942354987395,0.581106953401083,-0.0109733290307096,0.705022637419188
"Jun 2015",0.285338534055834,0.0891359581018348,0.481541110009833,-0.0147274116951719,0.58540447980684
"Jul 2015",0.301463730110833,0.0901963990634288,0.512731061158237,-0.0216417703587087,0.624569230580374
"Aug 2015",0.341204517497053,0.0975450758477805,0.584863959146326,-0.0314404411338317,0.713849476127939
"Sep 2015",0.412629891661475,0.112423593717414,0.712836189605537,-0.0464960208041856,0.871755804127136
"Oct 2015",0.554438790238227,0.143550212811287,0.965327367665167,-0.0739610612133006,1.18283864168975
"Nov 2015",0.836759983634164,0.205214423417099,1.46830554385123,-0.129105601412045,1.80262556868037
"Dec 2015",0.982226877460057,0.227356876767855,1.73709687815226,-0.17224716333885,2.13670091825897
