"","Point.Forecast","Lo.80","Hi.80","Lo.95","Hi.95"
"Jan 2011",28.2498203891811,24.1837188016628,32.3159219766995,22.0312546417853,34.4683861365769
"Feb 2011",25.0178928425877,20.8989979599907,29.1367877251846,18.7185867178546,31.3171989673208
"Mar 2011",22.2632557260269,18.0921716072308,26.4343398448231,15.884133052291,28.6423783997629
"Apr 2011",16.5602680287348,12.3375762962906,20.7829597611791,10.1022183209272,23.0183177365425
"May 2011",15.2022577230573,10.9285188905962,19.4759965555184,8.66613821280226,21.7383772333124
"Jun 2011",14.0615837693926,9.73733846191572,18.3858290768695,7.44822127127931,20.6749462675059
"Jul 2011",14.8478864126013,10.4736564905044,19.2221163346981,8.15807904323176,21.5376937819708
"Aug 2011",17.1937998049612,12.7700894013357,21.6175102085867,10.4283185693649,23.9592810405575
"Sep 2011",20.2360123331773,15.7633088127961,24.7087158535584,13.3956025914536,27.076422074901
"Oct 2011",24.7731509881496,20.2519258355733,29.2943761407259,17.8585338137089,31.6877681625904
"Nov 2011",28.9846482845875,24.4153579279802,33.5539386411947,21.9965217240689,35.972774845106
"Dec 2011",28.8588625121164,24.2419490886288,33.475775935604,21.7979027559401,35.9198222682927
"Jan 2012",26.9608024279429,22.2966367773606,31.6249680785252,19.8275766266187,34.0940282292671
"Feb 2012",23.7288748813494,19.0179309383948,28.4398188243041,16.5241078554869,30.9336419072119
"Mar 2012",20.9742377647887,16.2169188604538,25.7315566691236,13.6985463559099,28.2499291736675
"Apr 2012",15.2712500674966,10.4679478160887,20.0745523189045,7.92523319800062,22.6172669369926
"May 2012",13.9132397618191,9.0643346022147,18.7621449214234,6.49747926275841,21.3290002608797
"Jun 2012",12.7725658081544,7.87842751080524,17.6667041055035,5.28762719463383,20.2575044216749
"Jul 2012",13.558868451363,8.61985659378775,18.4978803089383,6.00530164974149,21.1124352529846
"Aug 2012",15.9047818437229,10.9212462569562,20.8883174304897,8.28312187439837,23.5264418130475
"Sep 2012",18.946994371939,13.9192755601768,23.9747131837012,11.2577619911406,26.6362267527375
"Oct 2012",23.4841330269114,18.4125625623842,28.5557034914385,15.7278353306059,31.2404307232169
"Nov 2012",27.6956303233492,22.5805312182698,32.8107294284286,19.8727613160858,35.5184993306126
"Dec 2012",27.5698445508782,22.4115316081447,32.7281574936116,19.6808856821431,35.4588034196133
"Jan 2013",25.6717844667046,20.4705124712335,30.8730564621758,17.7171253964017,33.6264435370075
"Feb 2013",22.4398569201112,17.195977794141,27.6837360460814,14.4200358668589,30.4596779733634
"Mar 2013",19.6852198035504,14.3990256263603,24.9714139807406,11.6006834640586,27.7697561430423
"Apr 2013",13.9822321062583,8.65400796729284,19.3104562452238,5.83341648720719,22.1310477253095
"May 2013",12.6242218005808,7.25424606444037,17.9941975367212,4.41155262388905,20.8368909772725
"Jun 2013",11.4835478469161,6.07209240455405,16.8950032892782,3.20744093391357,19.7596547599187
"Jul 2013",12.2698504901248,6.81718099715918,17.7225199830903,3.93071212601897,20.6089888542306
"Aug 2013",14.6157638824847,9.12213998546153,20.1093877795078,6.2139911624004,23.0175366025689
"Sep 2013",17.6579764107008,12.1236519620791,23.1923008593225,9.19395756847141,26.1219952529301
"Oct 2013",22.1951150656731,16.6203383282435,27.7698918031027,13.669229786472,30.7210003448742
"Nov 2013",26.4066123621109,20.7916262035054,32.0215985207164,17.8192320799285,34.9939926442933
"Dec 2013",26.2808265896399,20.6258686675409,31.9357845117389,17.6323147705361,34.9293384087437
"Jan 2014",24.3827665054664,18.6880214741573,30.0775115367754,15.6734055537976,33.0921274571351
"Feb 2014",21.1508389588729,15.4165828777882,26.8850950399576,12.3810510711106,29.9206268466352
"Mar 2014",18.3962018423122,12.6226577593835,24.1697459252409,9.56632814083074,27.2260755437936
"Apr 2014",12.6932141450201,6.8806005569278,18.5058277331123,3.80358879165578,21.5828394983843
"May 2014",11.3352038393425,5.48373483788813,17.1866728407969,2.38615425925052,20.2842534194346
"Jun 2014",10.1945298856779,4.30441529768331,16.0846444736724,1.18637698129009,19.2026827900656
"Jul 2014",10.9808325288865,5.05227804998428,16.9093870077887,1.91389088452581,20.0477741732472
"Aug 2014",13.3267459212464,7.35995324389769,19.2935385985951,4.20132399891347,22.4521678435793
"Sep 2014",16.3689584494625,10.3641253855196,22.3737915134054,7.18535877627888,25.5525581226462
"Oct 2014",20.9060971044348,14.8634177025425,26.9487765063272,11.6646164521927,30.147577756677
"Nov 2014",25.1175944008727,19.0372590589838,31.1979297427616,15.8185239581129,34.4166648436325
"Dec 2014",24.9918086284016,18.8740042016654,31.1096130551379,15.6354341654145,34.3481830913888
"Jan 2015",23.0937485442281,16.9386137442818,29.2488833441744,13.680282202156,32.5072148863002
"Feb 2015",19.8618209976346,13.6695808724559,26.0540611228134,10.3916069576584,29.3320350376109
"Mar 2015",17.1071838810739,10.8780152575393,23.3363525046086,7.58049257656399,26.6338751855838
"Apr 2015",11.4041961837818,5.13827273596984,17.6701196315938,1.82129322632053,20.9870991412431
"May 2015",10.0461858781043,3.74367821537421,16.3486935408343,0.407332192190115,19.6850395640184
"Jun 2015",8.90551192443959,2.56658767612374,15.2444361727554,-0.789036122986838,18.600059971866
"Jul 2015",9.69181456764824,3.31663846452372,16.0669906707728,-0.0581759073074881,19.441805042604
"Aug 2015",12.0377279600081,5.62646191270322,18.4489940073131,2.23254267846061,21.8429132415557
"Sep 2015",15.0799404882243,8.63274366270577,21.5271373137427,5.21980382342501,24.9400771530235
"Oct 2015",19.6170791431966,13.1341080334765,26.1000502529167,9.70223043208329,29.5319278543099
"Nov 2015",23.8285764396344,17.3099849378252,30.3471679414437,13.859251039883,33.7979018393858
"Dec 2015",23.7027906671634,17.1487301310056,30.2568512033211,13.6792200604624,33.7263612738644
