"","Point.Forecast","Lo.80","Hi.80","Lo.95","Hi.95"
"Jan 2011",0.0122496104356071,0.00931381561066203,0.0151854052605522,0.00775969970739835,0.0167395211638159
"Feb 2011",0.0161870558891964,0.0132498973525178,0.0191242144258751,0.0116950595438694,0.0206790522345235
"Mar 2011",0.024635554613298,0.02169702403966,0.0275740851869359,0.0201414599185186,0.0291296493080773
"Apr 2011",0.0302702087586124,0.0273302978051126,0.0332101197121123,0.0257740029550123,0.0347664145622126
"May 2011",0.0347561465508555,0.0318148468570184,0.0376974462446926,0.0302578168521909,0.0392544762495201
"Jun 2011",0.0325519433619515,0.0296092465498334,0.0354946401740696,0.0280514769552632,0.0370524097686399
"Jul 2011",0.0284676714730626,0.0255235691473559,0.0314117737987692,0.0239650555188356,0.0329702874272895
"Aug 2011",0.0290190409567211,0.0260735247048593,0.0319645572085829,0.0245142625890451,0.0335238193243971
"Sep 2011",0.0271646518449176,0.0242177132371801,0.0301115904526551,0.0226576981716477,0.0316716055181875
"Oct 2011",0.0216817579447377,0.0187333885343554,0.0246301273551199,0.0171726160476552,0.0261908998418201
"Nov 2011",0.0137511714396694,0.0108013627629301,0.0167009801164086,0.00923982837464349,0.0182625145046952
"Dec 2011",0.0100040891847563,0.00705283276111059,0.0129553456084021,0.00549053198190586,0.0145176463876068
"Jan 2012",0.0125967686308083,0.00964016341720286,0.0155533738444137,0.00807503115963017,0.0171185061019864
"Feb 2012",0.0165342140843976,0.0135761460401854,0.0194922821286098,0.012010239406866,0.0210581887619293
"Mar 2012",0.0249827128084991,0.0220231734125574,0.0279422522044409,0.0204564878926814,0.0295089377243169
"Apr 2012",0.0306173669538136,0.0276563476685986,0.0335783862390286,0.0260888787426634,0.0351458551649639
"May 2012",0.0351033047460567,0.0321407970177101,0.0380658124744032,0.0305725401575765,0.0396340693345369
"Jun 2012",0.0328991015571527,0.0299350968156085,0.035863106298697,0.0283660474845575,0.0374321556297479
"Jul 2012",0.0288148296682637,0.0258493193273548,0.0317803400091727,0.0242794729801443,0.0333501863563831
"Aug 2012",0.0293661991519223,0.0263991746094879,0.0323332236943567,0.024828526692409,0.0339038716114355
"Sep 2012",0.0275118100401188,0.0245432626781118,0.0304803574021258,0.022971808629046,0.0320518114511916
"Oct 2012",0.0220289161399388,0.0190588373245332,0.0249989949553445,0.0174865725730089,0.0265712597068688
"Nov 2012",0.0140983296348705,0.0111267107165688,0.0170699485531722,0.00955363068381886,0.0186430285859222
"Dec 2012",0.0103512473799575,0.00737807969369915,0.0133244150662159,0.0058041797927174,0.0148983149671976
"Jan 2013",0.0129439268260095,0.00996523730433316,0.0159226163476858,0.00838841432025129,0.0174994393317677
"Feb 2013",0.0168813722795988,0.0139011186968994,0.0198616258622982,0.0123234677489254,0.0214392768102722
"Mar 2013",0.0253298710037003,0.0223480446582583,0.0283116973491423,0.0207695611399802,0.0298901808674204
"Apr 2013",0.0309645251490148,0.0279811173239676,0.033947932974062,0.026401796620957,0.0355272536770726
"May 2013",0.0354504629412579,0.0324654649047078,0.038435460977808,0.0308853023945772,0.0400156234879385
"Jun 2013",0.0332462597523539,0.0302596627574769,0.0362328567472309,0.0286786538099375,0.0378138656947703
"Jul 2013",0.0291619878634649,0.0261737831486192,0.0321501925783106,0.0245919231255381,0.0337320526013918
"Aug 2013",0.0297133573471235,0.0267235361359585,0.0327031785582885,0.0251408203914161,0.0342858943028308
"Sep 2013",0.02785896823532,0.024867521736885,0.0308504147337549,0.0232839456172333,0.0324339908534067
"Oct 2013",0.02237607433514,0.0193829937439936,0.0253691549262864,0.0177985525879133,0.0269535960823667
"Nov 2013",0.0144454878300717,0.0114507643263907,0.0174402113337528,0.00986545346494948,0.0190255221951939
"Dec 2013",0.0106984055751587,0.00770203032484753,0.0136947808254699,0.0061158450815578,0.0152809660687596
"Jan 2014",0.0132910850212106,0.0102890157486168,0.0162931542938045,0.00869981627200673,0.0178823537704146
"Feb 2014",0.0172285304748,0.0142247939867579,0.020232266962842,0.0126347119396016,0.0218223490099983
"Mar 2014",0.0256770291989015,0.0226716166285663,0.0286824417692367,0.0210806473170397,0.0302734110807633
"Apr 2014",0.031311683344216,0.0283045858108919,0.0343187808775401,0.0267127245338385,0.0359106421545935
"May 2014",0.035797621136459,0.0327888297457088,0.0388064125272093,0.031196071794698,0.0403991704782201
"Jun 2014",0.0335934179475551,0.0305829237913099,0.0366039121038003,0.0289892644506948,0.0381975714444153
"Jul 2014",0.0295091460586661,0.0264969402153351,0.0325213519019971,0.024902374762311,0.0341159173550212
"Aug 2014",0.0300605155423246,0.0270465890769051,0.0330744420077442,0.0254511127815671,0.0346699183030822
"Sep 2014",0.0282061264305211,0.0251904703947081,0.0312217824663342,0.0235940785201097,0.0328181743409326
"Oct 2014",0.0227232325303412,0.0197058379626376,0.0257406270980448,0.018108525764849,0.0273379392958334
"Nov 2014",0.0147926460252729,0.0117735039510999,0.0178117880994458,0.0101752666792659,0.0194100253712799
"Dec 2014",0.0110455637703599,0.00802466520216682,0.0140664623385529,0.00642549809856546,0.0156656294421543
"Jan 2015",0.0136382432164118,0.0106114795366965,0.0166650068961272,0.00900920763060219,0.0182672788022215
"Feb 2015",0.0175756886700012,0.0145471528847745,0.0206042244552278,0.0129439428826886,0.0222074344573137
"Mar 2015",0.0260241873941027,0.0229938704869454,0.0290545043012599,0.0213897176158639,0.0306586571723414
"Apr 2015",0.0316588415394172,0.0286267344813585,0.0346909485974758,0.027021633961633,0.0362960491172014
"May 2015",0.0361447793316602,0.0331108730812879,0.0391786855820326,0.0315048201266837,0.0407847385366368
"Jun 2015",0.0339405761427563,0.0309048616463267,0.0369762906391858,0.0292978514640816,0.0385833008214309
"Jul 2015",0.0298563042538673,0.026818772445416,0.0328938360623186,0.0252108002362982,0.0345018082714363
"Aug 2015",0.0304076737375258,0.0273683155389776,0.0334470319360741,0.0257593764973444,0.0350559709777072
"Sep 2015",0.0285532846257223,0.0255120909470015,0.0315944783044431,0.0239021802608577,0.033204388990587
"Oct 2015",0.0230703907255424,0.0200273524646834,0.0261134289864013,0.0184164653157393,0.0277243161353455
"Nov 2015",0.0151398042204741,0.0120949122637316,0.0181846961772165,0.0104830438274618,0.0197965646134863
"Dec 2015",0.0113927219655611,0.00834596718752047,0.0144394767436017,0.00673311263322236,0.0160523312978998
