"","Point.Forecast","Lo.80","Hi.80","Lo.95","Hi.95"
"Jan 2011",0.665978101892424,0.377897185545369,0.954059018239479,0.225396360311403,1.10655984347344
"Feb 2011",0.62728373458577,0.318412476856126,0.936154992315415,0.154905909700952,1.09966155947059
"Mar 2011",0.514359695599128,0.231766857028505,0.796952534169751,0.0821712446787056,0.94654814651955
"Apr 2011",0.523091884092754,0.206760519282974,0.839423248902533,0.039304809989264,1.00687895819624
"May 2011",0.447500170628471,0.152534346275112,0.742465994981829,-0.00361112910067779,0.89861147035762
"Jun 2011",0.513212981291073,0.147192598777952,0.879233363804194,-0.0465668875965551,1.0729928501787
"Jul 2011",0.682948543696439,0.158896730192582,1.2070003572003,-0.118519542423046,1.48441662981592
"Aug 2011",0.641038784337728,0.114141426381519,1.16793614229394,-0.164781186476032,1.44685875515149
"Sep 2011",0.643014255711834,0.0788733944316198,1.20715511699205,-0.219764738160922,1.50579324958459
"Oct 2011",0.644125721835638,0.0426272663973198,1.24562417727396,-0.275786781969536,1.56403822564081
"Nov 2011",0.590610831216121,0.00491500750815865,1.17630665492408,-0.305133632936832,1.48635529536907
"Dec 2011",0.611517907016115,-0.0313018014374384,1.25433761546967,-0.3715899998328,1.59462581386503
"Jan 2012",0.507289760627491,-0.0571451570148962,1.07172467826988,-0.355938953642618,1.3705184748976
"Feb 2012",0.474787213650399,-0.0837114227266833,1.03328585002748,-0.379362741875302,1.3289371691761
"Mar 2012",0.386729931162234,-0.0937844272742901,0.867244289598759,-0.348153363361884,1.12161322568635
"Apr 2012",0.390554654721079,-0.121677032758549,0.902786342200706,-0.392836108625702,1.17394541806786
"May 2012",0.331670012546969,-0.127292024974242,0.79063205006818,-0.370251851541603,1.03359187663554
"Jun 2012",0.377445196721202,-0.173478167577413,0.928368561019818,-0.465119379919976,1.22000977336238
"Jul 2012",0.498205172293809,-0.268745779836622,1.26515612442424,-0.674745089325634,1.67115543391325
"Aug 2012",0.463633019524863,-0.289169417105497,1.21643545615522,-0.687678954911762,1.61494499396149
"Sep 2012",0.46086071233252,-0.328572732336437,1.25029415700148,-0.746473554459183,1.66819497912422
"Oct 2012",0.45724548909,-0.369346071639225,1.28383704981923,-0.806917212209943,1.72140819038994
"Nov 2012",0.41501112443424,-0.37715680293646,1.20717905180494,-0.796505172761746,1.62652742163023
"Dec 2012",0.425082707996687,-0.432213898572004,1.28237931456538,-0.886039308563764,1.73620472455714
"Jan 2013",0.348600390256076,-0.394826089919482,1.09202687043163,-0.788372296190823,1.48557307670298
"Feb 2013",0.322289703545702,-0.405191927867583,1.04977133495899,-0.790297441067996,1.4348768481594
"Mar 2013",0.259099338672476,-0.360618888568006,0.878817565912958,-0.688677901518552,1.2068765788635
"Apr 2013",0.258016565268404,-0.396754923687941,0.912788054224749,-0.743370012502851,1.25940314303966
"May 2013",0.215839102637522,-0.366169026733858,0.797847232008902,-0.674265519717397,1.10594372499244
"Jun 2013",0.241676530719208,-0.451942106187169,0.935295167625585,-0.819121632922808,1.30247469436122
"Jul 2013",0.313460601236328,-0.645905653766668,1.27282685623932,-1.15376347178791,1.78068467426057
"Aug 2013",0.286226102452058,-0.649960602385269,1.22241280728938,-1.14554790775458,1.7180001126587
"Sep 2013",0.278705985596641,-0.697880708107803,1.25529267930109,-1.21485447572461,1.77226644691789
"Oct 2013",0.27036404201468,-0.747348153037864,1.28807623706722,-1.28609244601008,1.82682053003944
"Nov 2013",0.239410276372237,-0.731756274659863,1.21057682740434,-1.24586079206426,1.72468134480873
"Dec 2013",0.238646297008069,-0.808325948775426,1.28561854279156,-1.36255957696443,1.83985217098057
"Jan 2014",0.189909988058213,-0.714858935390016,1.09467891150644,-1.19381467192925,1.57363464804568
"Feb 2014",0.16979120165784,-0.712826089168359,1.05240849248404,-1.18005545973384,1.51963786304952
"Mar 2014",0.13146791594224,-0.6183171517087,0.881252983593179,-1.01522939086279,1.27816522274727
"Apr 2014",0.125477613462998,-0.664753637250783,0.915708864176779,-1.08307679238244,1.33403201930844
"May 2014",0.100007438914763,-0.600858278512366,0.800873156341892,-0.971874177937893,1.17188905576742
"Jun 2014",0.105906980957984,-0.727731686209387,0.939545648125355,-1.16903333958517,1.38084730150114
"Jul 2014",0.128714827357429,-1.02233556951789,1.27976522423274,-1.63166484281796,1.88909449753281
"Aug 2014",0.108818030078512,-1.01273256815398,1.23036862831101,-1.60644559135908,1.8240816515161
"Sep 2014",0.0965500723820193,-1.0718734448676,1.26497358963163,-1.69039949255857,1.88349963732261
"Oct 2014",0.0834813774064801,-1.13278191319987,1.29974466801283,-1.7766328071473,1.94359556196026
"Nov 2014",0.0638082840202637,-1.09572573523452,1.22334230327504,-1.70954596694394,1.83716253498446
"Dec 2014",0.0522086708546878,-1.1968434480218,1.30126078973118,-1.85805169917657,1.96246904088595
"Jan 2015",0.0312185513139035,-1.04748338203081,1.10992048465861,-1.61851369220367,1.68095079483148
"Feb 2015",0.0172917053729444,-1.03446092308119,1.06904433382707,-1.59122513299511,1.625808543741
"Mar 2015",0.00383566078388159,-0.889283370807606,0.896954692375369,-1.36207202712311,1.36974334869087
"Apr 2015",-0.00706220296689868,-0.948101877213823,0.933977471280026,-1.44625818940658,1.43213378347278
"May 2015",-0.0158249806067016,-0.850304322164721,0.818654360951318,-1.29205100168092,1.26040104046751
"Jun 2015",-0.0298634548896065,-1.02235732724131,0.962630417462097,-1.54775184657472,1.48802493679551
"Jul 2015",-0.0560321525094952,-1.42644756221133,1.31438325719234,-2.15190165873018,2.03983735371118
"Aug 2015",-0.0685912006366118,-1.40401806018622,1.266835658913,-2.11095033707322,1.9737679358
"Sep 2015",-0.085607030433566,-1.47708781469926,1.30587375383212,-2.21369324691081,2.04247918604368
"Oct 2015",-0.10340250793784,-1.55220654626035,1.34540153038467,-2.31915707616046,2.11235206028478
"Nov 2015",-0.111794855631566,-1.49344267997883,1.26985296871569,-2.22484285763528,2.00125314637215
"Dec 2015",-0.134230173659073,-1.62307806094356,1.35461771362541,-2.41122652401356,2.14276617669541
