"","Point.Forecast","Lo.80","Hi.80","Lo.95","Hi.95"
"Jan 2011",27.3353418414284,23.3285666798112,31.3421170030456,21.2075080327419,33.4631756501149
"Feb 2011",24.4288388882236,20.7728322076332,28.084845568814,18.8374591779972,30.02021859845
"Mar 2011",23.1483526610391,19.613419080481,26.6832862415972,17.7421382784825,28.5545670435957
"Apr 2011",17.8821627945628,15.0974459866607,20.6668796024649,13.6233059546415,22.1410196344841
"May 2011",17.124883760063,14.4068877184559,19.8428798016701,12.9680675266026,21.2816999935233
"Jun 2011",16.3075526228797,13.6709394238681,18.9441658218913,12.2752007065293,20.3399045392302
"Jul 2011",16.1607848482435,13.5003833608061,18.8211863356808,12.0920518842459,20.229517812241
"Aug 2011",18.4400534437509,15.3506276128181,21.5294792746836,13.7151843675988,23.1649225199029
"Sep 2011",21.163937627033,17.5568336164956,24.7710416375703,15.647348096639,26.6805271574269
"Oct 2011",24.1455017386872,19.9607306805775,28.3302727967968,17.7454466976284,30.5455567797459
"Nov 2011",27.576230022695,22.7179742885733,32.4344857568166,20.1461690539682,35.0062909914217
"Dec 2011",27.3983584583494,22.493505276953,32.3032116397458,19.8970328437937,34.8996840729051
"Jan 2012",25.9844263434527,21.2590555954141,30.7097970914913,18.7575954232166,33.2112572636888
"Feb 2012",23.2165704446159,18.9291765357506,27.5039643534812,16.6595672971527,29.7735735920791
"Mar 2012",21.9948574585784,17.8714263840592,26.1182885330975,15.6886138269719,28.3011010901848
"Apr 2012",16.9873690008133,13.7552864110883,20.2194515905384,12.0443252394583,21.9304127621684
"May 2012",16.2643947672486,13.1246398504314,19.4041496840657,11.4625539965035,21.0662355379936
"Jun 2012",15.4846871142815,12.4525388881315,18.5168353404314,10.8474165753348,20.1219576532281
"Jul 2012",15.3418816244617,12.2953135636291,18.3884496852943,10.6825578514504,20.0012053974731
"Aug 2012",17.5016920877758,13.9780175361906,21.025366639361,12.1126969041037,22.8906872714479
"Sep 2012",20.0823790939931,15.9839405518822,24.1808176361041,13.8143582422728,26.3503999457134
"Oct 2012",22.9062963807216,18.1687424027201,27.6438503587232,15.6608328181598,30.1517599432835
"Nov 2012",26.1548723497229,20.6738614737303,31.6358832257155,17.7723895806798,34.537355118766
"Dec 2012",25.9800768266068,20.4647156673478,31.4954379858659,17.5450598327451,34.4150938204686
"Jan 2013",24.6335102903017,19.3367053883083,29.9303151922951,16.5327462475917,32.7342743330116
"Feb 2013",22.0043015025333,17.212873845527,26.7957291595395,14.6764452580047,29.3321577470619
"Mar 2013",20.841361781545,16.2464157251214,25.4363078379686,13.8139982141121,27.8687253489778
"Apr 2013",16.0925748387211,12.5008150283678,19.6843346490744,10.5994522374317,21.5856974400106
"May 2013",15.4039054200155,11.9239518965848,18.8838589434461,10.0817757787483,20.7260350612827
"Jun 2013",14.661821266572,11.309639013661,18.0140035194831,9.53510092073252,19.7885416124115
"Jul 2013",14.5229780630137,11.1630389091529,17.8829172168745,9.38439456090179,19.6615615651257
"Aug 2013",16.5633303446618,12.6862848437354,20.4403758455881,10.633900930708,22.4927597586155
"Sep 2013",19.0008201144874,14.5014991389201,23.5001410900547,12.1197024879406,25.8819377410342
"Oct 2013",21.6670905109293,16.4773837523998,26.8567972694588,13.7301189441868,29.6040620776718
"Nov 2013",24.7335140893637,18.7418973109451,30.7251308677824,15.5701269806476,33.8969011980799
"Dec 2013",24.5617946084228,18.5447287380488,30.5788604787968,15.3594864722484,33.7641027445972
"Jan 2014",23.282593678254,17.5151730129565,29.0500143435514,14.462084935891,32.1031024206169
"Feb 2014",20.7920320586363,15.5846383586428,25.9994257586298,12.8280106491889,28.7560534680837
"Mar 2014",19.6878656267614,14.7030219206091,24.6727093329138,12.0642050614779,27.311526192045
"Apr 2014",15.1977803058213,11.3080411480434,19.0875194635993,9.24893761898015,21.1466229926625
"May 2014",14.5434157159934,10.7811124977779,18.3057189342088,8.78946948013683,20.2973619518499
"Jun 2014",13.8389550774847,10.2207015485402,17.4572086064293,8.30531383016379,19.3725963248057
"Jul 2014",13.7040741616437,10.0831742653391,17.3249740579483,8.16638564470444,19.241762678583
"Aug 2014",15.6249682118239,11.4531884563843,19.7967479672636,9.24478165364948,22.0051547699984
"Sep 2014",17.9192606855364,13.0850737099107,22.7534476611621,10.5260097064137,25.3125116646592
"Oct 2014",20.4278841258966,14.8599388622031,25.9958293895901,11.9124466841795,28.9433215676137
"Nov 2014",23.3121552377021,16.8928116027858,29.7314988726185,13.4946163519563,33.1296941234479
"Dec 2014",23.1435117998904,16.7056185473876,29.5814050523933,13.2976037221636,32.9894198776173
"Jan 2015",21.9316765035882,15.7690034779424,28.094349529234,12.506681440179,31.3566715669974
"Feb 2015",19.5797621095857,14.0225888026411,25.1369354165303,11.0807989540686,28.0787252651027
"Mar 2015",18.5343689910503,13.2212832126012,23.8474547694995,10.4087054964979,26.6600324856028
"Apr 2015",14.3029853996491,10.1621060387013,18.443864760597,7.97005691671753,20.6359138825807
"May 2015",13.6829256528119,9.68239914344714,17.6834521621767,7.56464833306887,19.801202972555
"Jun 2015",13.0160885447529,9.17311436974872,16.8590627197571,7.13876672717553,18.8934103623303
"Jul 2015",12.8851699180959,9.04364724422109,16.7266925919707,7.01006797993156,18.7602718562602
"Aug 2015",14.6866056866775,10.26541306135,19.1077983120049,7.92497506069989,21.448236312655
"Sep 2015",16.8377008041608,11.7198813138523,21.9555202944693,9.01067132671708,24.6647302816046
"Oct 2015",19.18867722221,13.3000815819434,25.0772728624765,10.1828473479064,28.1945070965135
"Nov 2015",21.8907957908228,15.1085424389427,28.6730491427029,11.5182343886117,32.2633571930338
"Dec 2015",21.7252283971029,14.9299901001313,28.5204666940745,11.3328082350847,32.1176485591211
